1025579	[]
712664	[]
1331154	[46:3.0,77:3.0]
2632461	[]
44937	[]
656399	[]
439011	[]
1436762	[]
1644750	[]
2031561	[]
616720	[]
2467008	[]
975874	[]
701730	[]
1614320	[]
115498	[]
931626	[]
699878	[]
1694958	[]
66414	[]
2519847	[]
948069	[]
67315	[]
704249	[]
454417	[]
1995318	[]
2158448	[]
574843	[]
714960	[]
620771	[]
253876	[]
1632700	[]
603277	[]
79160	[]
1859725	[]
283774	[]
1983667	[]
2267507	[]
1813349	[]
2424721	[]
1275804	[]
1204327	[]
2143489	[]
672980	[]
166100	[]
2031561	[]
1176140	[]
2336133	[]
1521836	[]
117277	[]
326587	[]
1961542	[]
1041552	[]
1678346	[95:3.526439]
643182	[]
2182301	[]
2502669	[]
2211030	[]
603277	[]
214166	[]
1723799	[]
161893	[]
2149668	[]
575830	[]
2173816	[]
1571675	[]
516082	[]
551817	[]
352622	[]
369215	[]
922922	[]
1342387	[]
2445916	[]
1857979	[]
468582	[]
2541025	[]
266808	[]
1478381	[]
754135	[]
635607	[]
1083500	[]
507921	[]
1844503	[]
1827995	[]
1890622	[]
2181957	[]
2554745	[]
1794933	[]
1016977	[]
1659731	[]
824097	[]
2630686	[]
644003	[]
785314	[]
243963	[]
229220	[]
1447783	[]
2580478	[]
2599087	[]
2352464	[]
1912665	[]
588844	[]
816064	[]
1744889	[]
1216014	[]
1729814	[]
2289614	[]
1777904	[]
1479492	[]
2460625	[]
2043316	[]
2330282	[]
2098867	[]
1395430	[]
1754013	[]
56069	[3:2.6076953]
1913324	[]
1419837	[]
1571931	[]
1505897	[]
147748	[]
1214457	[]
110112	[]
2153146	[]
1395557	[]
1833399	[]
1492345	[]
581894	[]
66358	[]
512852	[]
1191521	[]
439011	[]
963134	[]
1295693	[]
1456155	[]
1488844	[]
822109	[]
885013	[]
30878	[]
823519	[]
893988	[]
124105	[]
1248029	[]
1842128	[]
2238063	[]
1503895	[]
2207774	[]
2590061	[]
2442	[]
543865	[]
1209119	[]
804919	[]
1086807	[]
1711859	[24:3.4641016]
372233	[]
1080361	[]
1245640	[]
558634	[]
2165002	[]
1181550	[]
1227322	[]
427928	[]
814701	[]
808731	[]
662870	[]
337541	[]
786312	[]
1133214	[]
1537427	[]
1209954	[]
2381599	[]
525356	[]
1910569	[]
2263586	[]
2421815	[]
1009622	[]
1481961	[]
401047	[]
2179073	[]
1434636	[82:2.436326]
1745265	[]
885013	[]
1997470	[]
30878	[]
840543	[]
2477414	[]
1409354	[]
589967	[]
264160	[]
2084362	[]
1881496	[]
240705	[]
1650301	[]
1815614	[]
1454357	[]
624145	[]
1310327	[]
2012897	[]
17063	[]
47411	[]
966474	[]
1985633	[]
47195	[]
2365827	[]
2451669	[]
378377	[]
2029786	[]
2183726	[]
36818	[]
1247469	[]
729471	[]
2371776	[]
1903571	[]
1422810	[]
2101722	[]
2187025	[]
122846	[]
167540	[]
1518964	[]
154819	[]
161395	[]
2083234	[]
1083500	[]
119496	[]
440789	[]
1109700	[]
145212	[]
1977959	[]
1919026	[]
1227322	[]
1307897	[]
1673185	[19:4.0]
2129174	[]
1265763	[]
2059967	[]
202667	[]
795530	[]
1314869	[]
1792741	[]
1439500	[]
2060352	[]
2608615	[]
1306845	[]
2439493	[37:3.8505542]
1033053	[]
1522645	[]
284829	[]
425908	[]
8043	[]
1987569	[]
888291	[]
2549238	[]
238740	[]
753555	[]
538221	[]
1553204	[]
2055615	[]
1836230	[]
1521657	[]
1074603	[]
1022629	[]
956943	[]
1242529	[]
1315827	[]
1374216	[]
1611056	[]
365944	[]
1419757	[]
2283320	[]
1266847	[]
2625420	[65:1.0]
1199825	[]
2085613	[]
2215923	[]
1731066	[]
1563429	[]
2489923	[]
24373	[]
387341	[]
989483	[]
2439493	[37:3.8505542]
2054694	[]
1566617	[]
686079	[]
1298291	[]
1828803	[]
827427	[]
637343	[]
1650181	[]
767958	[]
2598906	[]
2083367	[]
858454	[]
290716	[]
1664010	[]
1095791	[]
2066932	[]
2307303	[]
592416	[]
71594	[]
1569109	[]
507498	[]
1411392	[]
1353529	[]
491531	[]
1118268	[]
180392	[]
2563095	[]
2606799	[]
1367651	[]
798296	[]
1613086	[]
2200741	[]
1619179	[]
1488171	[]
140274	[]
2171849	[]
776067	[]
1312746	[]
2183726	[]
1484808	[]
567159	[]
1079206	[]
1848557	[]
1168738	[]
1835276	[]
1195319	[]
1801389	[]
1316174	[]
144543	[]
1047985	[]
1031567	[]
1744054	[]
1526236	[]
667730	[]
2349173	[]
1314869	[]
1076545	[]
2414026	[]
80843	[]
2131832	[]
2432482	[]
2127049	[]
2340654	[]
2189806	[]
1232194	[]
1902302	[]
1045336	[]
1572057	[]
1692631	[]
101277	[]
2513009	[]
2232338	[]
2273952	[]
1287571	[]
1386253	[]
2291741	[]
407560	[]
1714672	[]
277072	[]
1943087	[]
712664	[]
1907667	[]
1966165	[]
1583391	[]
2480084	[]
1987434	[]
1567328	[]
951709	[]
1794216	[]
2400678	[]
998229	[]
2641857	[]
1331887	[]
1276913	[]
1663216	[]
1174530	[]
1488957	[46:4.4941854]
1319997	[]
1936617	[]
2238860	[]
1447354	[]
1980082	[]
617782	[]
1948839	[]
754082	[]
1645486	[]
2285616	[]
247794	[]
1350497	[]
180151	[]
660580	[]
2370740	[]
1657077	[]
2218269	[]
513841	[]
1174811	[]
2328558	[]
307910	[]
2235716	[]
1355247	[]
1120091	[]
2065726	[]
1419003	[]
2351571	[]
844736	[]
2429465	[]
1420990	[]
2367490	[]
1678346	[95:3.526439]
1038795	[]
2309150	[]
2625420	[65:1.0]
1508073	[]
2168171	[]
1192830	[]
1821073	[39:3.0]
606684	[]
2459804	[]
2579794	[]
1146509	[]
2304864	[]
1061246	[]
1707414	[]
2542972	[]
2455524	[]
206809	[]
2109332	[]
2250613	[]
1744125	[]
1445871	[]
2434480	[]
1495055	[]
1641999	[]
416556	[39:3.0]
1858921	[]
308618	[]
962533	[]
1751359	[]
877775	[]
1291226	[]
947134	[]
1280524	[]
1488035	[]
1624961	[]
641016	[]
1360410	[]
157146	[]
183476	[]
1364085	[]
1436762	[]
1608985	[]
2298339	[]
931782	[]
1986819	[]
1888170	[]
1761255	[]
1985755	[]
2443756	[]
2268573	[]
1553054	[]
2604824	[]
1338852	[]
1559022	[]
1001129	[]
425044	[]
789969	[]
1322807	[]
2418707	[]
961578	[]
2171841	[]
1123276	[]
1551517	[]
2320264	[]
2439493	[37:3.8505542]
1427279	[]
2468097	[]
2592598	[]
2308224	[]
559221	[]
2540808	[]
2128440	[]
75549	[]
2450433	[]
2198070	[]
1431160	[]
1217641	[]
736562	[]
1924236	[]
493009	[]
1330901	[]
105221	[]
890937	[]
382913	[]
2513650	[]
1265764	[]
1488844	[]
1109700	[]
652121	[]
138873	[]
1488298	[]
1977959	[]
2173816	[]
2491085	[]
2502155	[]
427561	[]
2343652	[]
2245549	[]
1297367	[]
578525	[]
2046765	[]
1906860	[]
44266	[]
783808	[]
556141	[]
2409550	[]
1764820	[]
2164942	[]
1001129	[]
1607574	[]
2538880	[]
1941915	[]
1582182	[]
478176	[50:3.710102]
1026380	[]
2191732	[]
1788346	[]
266172	[]
368514	[]
1755550	[]
1319657	[]
2065106	[]
2176223	[]
2111183	[]
1166912	[]
1475986	[]
2608615	[]
664203	[]
765129	[]
1970006	[]
1512138	[]
989704	[]
1129423	[]
2625420	[65:1.0]
2343417	[]
1000457	[]
1206421	[]
2030896	[]
759345	[]
449337	[]
1736960	[]
1497056	[]
1740618	[]
2073853	[]
1641247	[]
2496012	[]
520854	[]
335572	[]
2165853	[]
1224299	[]
1514348	[]
1530995	[]
2374670	[]
772005	[]
491331	[]
1299281	[]
427928	[]
1453384	[]
1866585	[]
1080872	[90:4.0]
2176766	[]
897692	[]
2343908	[]
1190429	[]
1504131	[]
2441465	[]
658069	[]
2119007	[]
1910569	[]
804627	[]
311641	[]
2266083	[]
1564058	[]
1161725	[]
963677	[]
2003092	[]
907840	[]
862759	[]
419998	[]
903561	[]
2098867	[]
1464366	[]
2519847	[]
215739	[]
1623132	[]
2322774	[]
966375	[]
1254097	[]
2568270	[]
2064195	[]
1859725	[]
2482518	[]
2506132	[]
2182301	[]
2625420	[65:1.0]
1440127	[]
2050555	[]
2239227	[]
1750434	[]
1066259	[]
2518523	[]
900977	[]
2312349	[]
252207	[]
1620735	[]
2637831	[]
1771545	[]
1368985	[]
716211	[]
2266119	[]
2173816	[]
778929	[]
1634168	[]
593372	[]
339487	[]
375973	[]
2297863	[]
1091730	[]
1774637	[]
2446445	[]
2431286	[]
1081716	[]
1329923	[]
2193455	[]
1191521	[]
876388	[]
1700914	[]
2628220	[]
1522126	[]
1829387	[]
1783996	[]
2468443	[]
1567095	[]
687835	[]
2209044	[]
2325737	[]
116582	[]
914508	[]
581843	[]
2609870	[]
180200	[]
2587481	[]
2625420	[65:1.0]
1676703	[]
1709606	[]
720366	[]
1686766	[]
1650301	[]
2163807	[]
1436407	[]
724592	[]
2106423	[]
2231930	[]
1397552	[]
2152580	[]
1981733	[]
353820	[]
957447	[]
1672826	[]
1135846	[]
1160251	[]
416956	[]
301577	[]
1131316	[]
787938	[]
2241806	[]
41412	[]
1058950	[]
1850680	[]
574843	[]
2625420	[65:1.0]
2260788	[]
1951144	[]
389078	[]
2043617	[]
1919026	[]
1224299	[]
1673185	[19:4.0]
2602249	[]
346689	[]
1466762	[]
1312864	[]
1265763	[]
2119337	[]
1927580	[]
202667	[]
2107665	[]
704642	[]
697456	[]
259497	[]
284143	[]
2316604	[]
1792741	[]
1613617	[]
2100574	[]
1342785	[]
1306845	[]
2608615	[]
2439493	[37:3.8505542]
1028350	[]
238740	[]
753555	[]
831494	[]
492714	[]
1549716	[]
1939431	[]
1959185	[]
1928290	[]
633722	[]
1548625	[]
1732628	[]
1053359	[]
1657359	[]
2609870	[]
2640864	[]
252468	[]
2173816	[]
688700	[]
1819123	[]
1147281	[]
782444	[]
1167579	[]
1304402	[]
2447529	[]
1623353	[]
982864	[]
525356	[]
787569	[]
1338824	[]
2616306	[]
1434636	[82:2.436326]
2471090	[]
493940	[]
1912356	[]
1111748	[]
925762	[]
585714	[]
1284360	[]
946840	[]
2070348	[]
2173131	[]
2252336	[]
1990316	[]
1655311	[]
71020	[]
608933	[]
2531593	[]
1748471	[]
1379300	[]
1479354	[]
1792741	[]
986982	[]
2220239	[]
1645328	[]
2341502	[]
699878	[]
2625420	[65:1.0]
1874659	[]
2541025	[]
1478381	[]
2606540	[]
308618	[]
741740	[]
2213289	[]
1380479	[]
174683	[]
1716229	[]
1332388	[]
57515	[]
616350	[]
1311409	[]
724050	[]
1094517	[]
1743030	[]
1009622	[]
2598295	[]
2539763	[]
2352327	[]
108484	[]
832048	[]
688590	[]
2277519	[]
1473206	[]
1448808	[]
1388266	[]
664105	[]
1193792	[]
727242	[]
2294328	[]
1521266	[]
1447366	[]
2266017	[]
1567630	[]
1164435	[]
2170930	[]
2196595	[]
1792741	[]
2275545	[]
968759	[]
2476624	[]
1624421	[]
1056998	[]
1109700	[]
2380973	[]
906893	[]
76196	[]
1502843	[]
2648502	[79:3.0]
1998117	[]
1021746	[]
1951144	[]
1977959	[]
1984086	[]
2413733	[]
257592	[]
683427	[]
1745845	[]
2217731	[]
786415	[]
1451137	[]
2043617	[]
1629710	[]
248039	[]
303948	[24:3.4641016]
2030523	[]
1808930	[]
1030733	[]
1343332	[]
1673185	[19:4.0]
1176000	[]
875559	[]
986633	[]
1491583	[]
1220170	[]
1938835	[]
2154704	[]
1027819	[]
1843132	[]
582662	[]
981555	[]
587812	[]
1036139	[]
2577231	[]
2115297	[]
484675	[]
844736	[]
273292	[]
2387785	[]
1323065	[]
1485922	[]
1005101	[38:3.4980912]
2309150	[]
1873366	[]
2041953	[]
1678346	[95:3.526439]
2378560	[]
2168171	[]
1508073	[]
471569	[]
2477173	[]
219214	[]
1188093	[]
2278321	[]
2459804	[]
531398	[]
206809	[]
1300429	[]
1956586	[]
952810	[]
2542972	[]
2483471	[]
1445871	[]
2250613	[]
2455524	[]
2434480	[]
692485	[]
2646060	[]
1858921	[]
382281	[]
2290519	[]
14358	[]
1730571	[]
962533	[]
2155945	[]
947134	[]
1489561	[]
2590630	[]
635154	[]
2623268	[]
1346301	[]
2482233	[]
2618229	[]
2467008	[]
1277134	[]
2163521	[]
147748	[]
868186	[]
716091	[]
1205593	[]
573364	[]
2029131	[]
698478	[]
2630970	[]
1892661	[]
1221295	[]
1355110	[]
1005101	[38:3.4980912]
2568270	[]
148010	[]
652121	[]
1051186	[]
311271	[]
955916	[]
1347749	[]
986767	[]
1480030	[]
1861514	[]
2108177	[]
24344	[]
471569	[]
2164671	[]
1537477	[]
2127173	[]
2242958	[]
1840062	[]
503571	[]
1420822	[]
1759189	[]
1424098	[]
2179629	[]
1445871	[]
1127414	[]
1227576	[]
1985633	[]
2557246	[]
1527030	[]
1990901	[]
2439005	[]
1331887	[]
1744889	[]
304789	[]
779760	[]
1294425	[]
2007993	[]
1242432	[]
1109700	[]
1296163	[44:4.0]
716091	[]
823613	[]
1056998	[]
573364	[]
1401310	[]
1780909	[]
14690	[]
247794	[]
568620	[]
2041711	[]
1217256	[]
1534640	[]
1623132	[]
2126729	[]
2039337	[]
2572249	[]
1093403	[]
2535052	[]
76196	[]
1648646	[]
2161899	[]
2648502	[79:3.0]
1183741	[]
908205	[]
2270997	[]
859350	[]
2179335	[]
2138987	[]
1859725	[]
1998117	[]
1348118	[]
835624	[]
2212395	[]
1734805	[]
205706	[]
712664	[]
1907667	[]
69867	[28:4.5262847]
306466	[]
1331154	[46:3.0,77:3.0]
765331	[]
2407624	[]
2095891	[]
2289614	[]
1618902	[]
2445646	[]
785314	[]
1224344	[]
1276913	[]
1395430	[]
1744889	[]
2628220	[]
1174530	[]
383894	[]
2649050	[]
1135868	[]
147938	[]
325046	[]
1179646	[]
1379923	[]
2381246	[]
2007993	[]
1809758	[]
2297615	[]
369341	[]
1754009	[]
30878	[]
1296163	[44:4.0]
2271228	[]
1051350	[]
1149472	[]
2312677	[]
178131	[]
1428688	[]
2314362	[]
2484791	[]
2042246	[]
2502462	[]
1329182	[64:2.1010206]
62996	[]
1181550	[]
1496546	[]
525356	[]
1045221	[]
544147	[58:4.0,76:3.0]
2573207	[]
1001129	[]
2168244	[]
235789	[]
1813076	[]
294330	[]
1314869	[]
521985	[]
1586647	[]
968808	[]
2439493	[37:3.8505542]
1767421	[]
828444	[]
641336	[]
2635382	[]
1774452	[]
421883	[]
2248080	[]
1125849	[]
2512128	[]
1876520	[]
575029	[]
2283366	[]
2447747	[]
2083367	[]
1495111	[]
1984022	[]
2094929	[]
1664010	[]
1902838	[]
2070504	[]
406365	[]
1704373	[]
1079986	[]
593226	[]
1304827	[]
1457134	[]
266738	[]
1306185	[]
2414930	[]
160650	[]
1977959	[]
1198173	[]
643172	[]
1672290	[]
1277457	[]
1265763	[]
570343	[]
1469816	[]
2283274	[]
2124535	[]
202667	[]
841816	[]
680785	[]
478176	[50:3.710102]
739759	[]
2603832	[]
2329026	[]
192133	[]
1526354	[]
555955	[]
2439493	[37:3.8505542]
1676424	[]
238740	[]
2308483	[]
1227237	[]
2389367	[]
2204276	[]
342928	[]
1952829	[]
1571440	[]
823068	[]
1595080	[]
1396036	[50:3.0]
1242529	[]
1591829	[]
803105	[]
999596	[]
1881088	[]
2211240	[]
2019936	[]
2215021	[]
1426963	[]
1910881	[]
1127292	[]
327122	[]
1602873	[]
497196	[]
2625420	[65:1.0]
1045449	[]
1692001	[]
1903518	[]
515632	[]
1757190	[]
2428959	[]
1268452	[]
360830	[]
1857979	[]
922922	[]
322178	[]
1811103	[]
1446040	[]
709342	[]
847553	[]
303948	[24:3.4641016]
1310126	[]
1695108	[]
1187821	[]
1189269	[]
1133214	[]
342330	[]
1355676	[]
494060	[]
525356	[]
1968095	[]
765573	[]
617054	[]
1637761	[]
1784150	[]
2528088	[]
1443645	[]
819314	[]
1084598	[]
735733	[]
1235769	[]
1730160	[]
2373995	[]
2604976	[]
12771	[]
2353323	[]
918023	[]
619705	[]
1316043	[]
1307956	[]
200255	[]
977332	[]
85856	[]
1572469	[]
1227322	[]
1707677	[]
2648176	[]
1835397	[]
2102346	[]
2476195	[]
541870	[]
1857997	[]
2549042	[]
2508925	[]
1276354	[]
294908	[]
2011791	[]
786117	[]
1295140	[]
2386943	[]
2348716	[]
1846477	[]
2429449	[]
2303192	[]
1150912	[]
2201487	[]
2404476	[]
1416231	[]
438290	[]
1144078	[]
2329026	[]
2032606	[]
1577875	[]
513351	[]
279205	[]
1713284	[]
1779104	[]
1638580	[]
983577	[]
1224344	[]
1234158	[]
2031561	[]
1863853	[]
1282325	[]
1216452	[]
1546535	[]
322173	[]
1228566	[]
1602932	[]
1877834	[]
349528	[]
564702	[]
2082618	[]
1990523	[]
796398	[]
2278436	[]
1556792	[]
1042188	[]
2067044	[]
570414	[]
1199825	[]
2386920	[]
155342	[]
2266166	[]
2025577	[]
1112107	[]
35797	[]
2435667	[]
1074143	[]
2604046	[]
732635	[]
571702	[]
838768	[]
206954	[]
2198958	[]
1314869	[]
486813	[]
2281685	[]
2634246	[]
2320264	[]
475010	[]
2574737	[]
2439493	[37:3.8505542]
975488	[]
2050416	[]
1267643	[]
807586	[]
1513144	[]
2625420	[65:1.0]
2316326	[]
1412961	[]
1415442	[]
1844666	[]
1497241	[]
581766	[]
827096	[]
115359	[]
2059716	[]
1087756	[]
2044715	[]
2359902	[]
78014	[]
854200	[]
2568266	[]
2441014	[]
2098992	[]
1837916	[]
1071006	[]
1336843	[]
763194	[]
170023	[]
1021991	[]
2441465	[]
525356	[]
2513365	[]
1784174	[]
2567335	[]
1453309	[]
355823	[]
1871937	[]
1489566	[]
1906860	[]
1235693	[]
1829218	[]
315915	[]
195013	[]
461394	[]
113767	[]
1009346	[]
1109700	[]
1056998	[]
903692	[]
2380973	[]
497196	[]
74144	[]
2075969	[]
2535052	[]
76196	[]
2648502	[79:3.0]
424286	[]
1951144	[]
269983	[]
1977959	[]
1477730	[]
1984086	[]
1521648	[]
2043617	[]
2436788	[]
2201224	[]
1173459	[]
1224299	[]
2030523	[]
125296	[]
1343332	[]
1673185	[19:4.0]
300146	[]
1400206	[]
1027819	[]
1220170	[]
1767208	[]
2154704	[]
1398240	[]
1303151	[]
929308	[]
1843132	[]
959714	[]
582662	[]
1080872	[90:4.0]
1427045	[]
587812	[]
2040464	[]
1282044	[]
1933327	[]
354091	[]
1907667	[]
764750	[]
758691	[]
2204961	[]
52540	[]
1892759	[]
1905111	[]
2574940	[]
651518	[]
915182	[]
1455792	[]
544147	[58:4.0,76:3.0]
2539902	[]
1927638	[]
1975483	[]
71288	[]
670126	[]
1314869	[]
2398509	[]
79236	[]
330279	[]
2247785	[]
2439493	[37:3.8505542]
1034714	[]
1837993	[]
732221	[]
2471224	[]
1944581	[]
1079431	[]
2418586	[]
1803358	[]
2237738	[]
1588604	[]
1869011	[]
2600169	[]
1227944	[]
1105029	[]
1489224	[]
324547	[]
184705	[]
1440126	[]
1117099	[]
1951709	[]
1664010	[]
1190739	[]
1688444	[]
973736	[]
1602923	[]
1211598	[]
659037	[]
1712750	[]
937274	[]
81608	[]
1920472	[]
1363305	[]
482328	[]
811486	[]
1828336	[]
2505679	[]
1313053	[]
1302057	[]
2625469	[]
636262	[]
1705330	[]
2568040	[]
2439493	[37:3.8505542]
266900	[]
1439019	[]
2403154	[]
495418	[]
1751084	[]
1363879	[]
2159285	[]
232421	[]
2164954	[]
1665183	[]
1392168	[]
1961753	[]
2550506	[]
2349538	[]
190213	[]
721369	[]
869766	[]
507603	[]
1059661	[]
1189050	[]
797951	[]
1312501	[]
2578830	[]
2083174	[]
1076258	[]
1663216	[]
549526	[]
1850680	[]
15294	[]
2270546	[]
300074	[]
303948	[24:3.4641016]
1061692	[]
1782553	[]
1585893	[]
1189269	[]
317370	[]
970976	[]
1140547	[]
1001129	[]
206141	[]
1784368	[]
1024632	[]
1530313	[]
2160016	[]
789166	[]
199257	[]
43608	[]
2234159	[]
1399240	[]
1133807	[]
2591337	[]
2439493	[37:3.8505542]
2539391	[]
1520535	[]
1598256	[]
2351541	[]
1990611	[]
2040859	[]
1510242	[]
1175674	[]
898283	[]
1428226	[]
36947	[]
2550506	[]
2280710	[]
1287892	[]
2055957	[]
507603	[]
1296163	[44:4.0]
1075579	[]
973356	[]
2551641	[]
1977959	[]
1009741	[]
793754	[]
871687	[]
2449072	[]
1152116	[]
1077945	[]
786312	[]
2363160	[]
2071629	[]
106104	[]
2023435	[]
2490359	[]
93986	[]
1363315	[]
1001129	[]
901557	[]
436122	[]
2220157	[]
2281080	[]
663915	[]
581199	[]
427369	[]
1521428	[]
2046045	[]
887389	[]
801349	[]
1319657	[]
590478	[]
1787522	[]
2439493	[37:3.8505542]
1025082	[]
874065	[]
2327417	[]
1545709	[]
2647908	[]
2432893	[]
1510783	[]
2019342	[]
1510091	[]
1150223	[]
243437	[]
862622	[]
1513144	[]
698624	[]
1787269	[]
1048253	[]
1471457	[]
2230092	[]
1315056	[]
107840	[]
1624280	[]
1765845	[]
1673185	[19:4.0]
986633	[]
672012	[]
1273613	[]
2580717	[]
710995	[]
2247924	[]
102023	[]
897525	[]
1830763	[]
700229	[]
1138162	[]
992978	[]
1368150	[]
992739	[]
1641673	[]
337413	[]
2220559	[]
616735	[]
2350040	[]
1919493	[]
205677	[]
2029364	[]
1803931	[]
1709921	[]
1203026	[]
1714526	[]
1257024	[]
1230462	[]
2247936	[]
1630678	[]
589151	[]
1292571	[]
41412	[]
247794	[]
2039337	[]
2625420	[65:1.0]
1303498	[]
2642212	[]
1650301	[]
2589362	[]
1919026	[]
370531	[]
1224299	[]
903779	[]
1673185	[19:4.0]
2602249	[]
290215	[]
461435	[]
1767208	[]
1065605	[]
61472	[]
960023	[]
346689	[]
1816089	[]
2544332	[]
1265763	[]
1616522	[]
2216056	[]
1537029	[]
1859573	[]
2465236	[]
1469816	[]
189088	[]
1597177	[]
2107665	[]
202667	[]
103619	[]
1249577	[]
49585	[]
1425875	[]
1022422	[]
739759	[]
2266017	[]
2550838	[]
1750544	[]
1668024	[]
1575462	[]
265628	[]
2323068	[]
2098144	[]
2184469	[]
966375	[]
96262	[]
76196	[]
2029829	[]
179544	[]
1706476	[]
2207774	[]
2140058	[]
2637831	[]
994878	[]
2560286	[]
1574595	[]
2504147	[]
2004175	[]
322178	[]
2541025	[]
1598401	[]
922917	[]
1145771	[]
2195371	[]
2198778	[]
1224299	[]
1379793	[]
912950	[]
517821	[]
2048686	[]
2487958	[]
1267277	[]
600362	[]
1004041	[]
2261345	[]
2093058	[]
2561861	[]
1043126	[]
1855366	[]
1382057	[]
1161704	[]
2404857	[]
401047	[]
541870	[]
509216	[]
844736	[]
1005101	[38:3.4980912]
102219	[]
871289	[]
2378560	[]
1508073	[]
2168171	[]
1192830	[]
471569	[]
1821073	[39:3.0]
1871967	[]
1673256	[]
508185	[]
78931	[]
531398	[]
206809	[]
1956586	[]
952810	[]
2542972	[]
2455524	[]
2467705	[]
1371147	[]
1445871	[]
971052	[]
2250613	[]
2216198	[]
2434480	[]
2151599	[]
1367766	[]
1495055	[]
1183392	[]
416556	[39:3.0]
2307724	[]
507921	[]
2290519	[]
1858921	[]
382281	[]
1730571	[]
1690209	[]
2040189	[]
2488216	[]
947134	[]
2413786	[]
554995	[]
2590630	[]
2423875	[]
306466	[]
1481271	[46:4.4941854]
1331154	[46:3.0,77:3.0]
2480084	[]
1945809	[]
1468812	[]
2445646	[]
1172232	[46:4.0,18:3.4308481,83:3.4308481]
1174530	[]
1091137	[]
1907667	[]
471426	[]
1645486	[]
14690	[]
988670	[]
2587619	[]
1224458	[]
838130	[]
327122	[]
1181115	[]
1355247	[]
409415	[]
1755092	[]
1996191	[]
184311	[]
76196	[]
988026	[]
2384779	[]
1648646	[]
1685449	[]
827380	[]
2127722	[]
2648502	[79:3.0]
1755946	[]
2441688	[]
659348	[]
936281	[]
1238623	[]
997772	[]
2343417	[]
1823237	[]
2472537	[]
2298339	[]
2542255	[]
1527030	[]
1056998	[]
1174530	[]
1753259	[]
2241806	[]
669192	[]
592921	[]
1294425	[]
1359983	[]
1488844	[]
1017542	[]
1780909	[]
1907667	[]
546017	[]
2245579	[]
1148143	[]
511700	[]
2325737	[]
622194	[]
1046986	[]
944189	[]
1838706	[]
819870	[]
989704	[]
677522	[]
441324	[]
1698013	[]
2205253	[]
2081171	[]
2018877	[]
2000775	[]
2535052	[]
2179335	[]
908205	[]
2521112	[]
2343417	[]
255357	[]
231110	[]
2385577	[]
1977128	[]
945830	[]
1650301	[]
1021746	[]
973736	[]
843246	[]
1734805	[]
716091	[]
1990901	[]
1331154	[46:3.0,77:3.0]
1116671	[]
2400678	[]
998229	[]
1693641	[]
1331887	[]
2615678	[]
1463145	[]
1744889	[]
2314362	[]
1644750	[]
183907	[]
383894	[]
1185389	[]
542786	[29:4.0]
2541216	[]
779760	[]
30878	[]
1294425	[]
1575876	[]
2495143	[]
282391	[]
1829387	[]
1227848	[18:4.5]
1683765	[]
946314	[]
1242432	[]
1488844	[]
2014531	[]
1789215	[]
1033508	[]
1032502	[]
2182234	[]
1569545	[]
753886	[18:3.6135192]
1484465	[]
386143	[]
416345	[]
14690	[]
1373140	[]
635363	[]
1885203	[]
1402412	[]
1378276	[]
886716	[77:2.5584815]
290621	[]
1700625	[]
705162	[]
887273	[]
77120	[]
2457291	[]
1455726	[]
44937	[]
2003092	[]
304789	[]
120539	[]
1436762	[]
1099326	[]
2532865	[]
2385934	[]
1876877	[]
1124390	[]
1019903	[]
1847330	[]
616720	[]
779760	[]
726540	[]
2489919	[]
2555164	[]
2467008	[]
1678038	[]
1098571	[]
1203772	[]
1046323	[]
1739854	[]
323063	[]
1765193	[]
991725	[]
1296163	[44:4.0]
1752360	[]
1468812	[]
1892917	[]
2312677	[]
2484791	[]
1734679	[]
1530644	[]
111765	[]
305151	[]
497196	[]
2327803	[]
2625420	[65:1.0]
1181550	[]
1768010	[]
1295097	[]
525356	[]
989989	[]
1471876	[]
214144	[]
1603826	[]
1996226	[]
704642	[]
1314869	[]
793868	[]
2420198	[]
2593882	[]
2439493	[37:3.8505542]
2001197	[]
2455340	[]
492714	[]
2066003	[]
1078620	[]
1039274	[]
468508	[]
1731102	[]
2456308	[]
798707	[]
914074	[]
2633152	[]
1905560	[]
767958	[]
335030	[]
507603	[]
2083367	[]
964881	[]
681577	[]
2462919	[]
661350	[]
1107263	[]
2644448	[]
2388411	[]
1635276	[]
1312448	[]
1869632	[]
2309150	[]
1261894	[]
1174910	[]
1005101	[38:3.4980912]
1821073	[39:3.0]
2593573	[]
1273525	[]
2477173	[]
2542972	[]
2434480	[]
932186	[]
2155945	[]
1489561	[]
641016	[]
183476	[]
2409698	[38:4.0364723]
904245	[]
2596173	[]
1581043	[]
118860	[]
1721623	[]
541915	[]
1672148	[]
333901	[]
505087	[]
2197411	[]
61807	[]
1001129	[]
1033264	[]
503235	[]
2034228	[]
293284	[]
385158	[]
1843540	[]
1917883	[]
2468140	[]
1725009	[]
744735	[]
141701	[]
1944765	[]
1283137	[]
1399144	[]
796389	[]
204616	[]
1567328	[]
2091010	[]
2537219	[]
2625420	[65:1.0]
955896	[]
735894	[]
985334	[]
354278	[]
1843617	[]
2432108	[]
931182	[]
2084787	[]
385639	[]
115218	[]
654043	[]
2240828	[]
1372014	[]
1080872	[90:4.0]
2266083	[]
2631605	[]
919218	[]
1741099	[]
301456	[]
1509395	[]
1630967	[]
2518824	[]
1973116	[]
503051	[]
1731008	[]
1001129	[]
2240661	[]
2493885	[]
2331813	[]
466269	[]
1196166	[]
627515	[]
830370	[]
1966321	[]
665055	[]
1792741	[]
1314869	[]
2646515	[]
1719610	[]
636262	[]
334051	[]
862759	[]
1079762	[]
656399	[]
2638523	[]
1174811	[]
2287590	[]
1341444	[]
2242958	[]
1978576	[]
2044715	[]
1065046	[]
1924821	[]
26648	[]
520854	[]
1861800	[]
1061692	[]
1555820	[]
404701	[]
1223524	[]
183038	[]
786312	[]
1894963	[]
2067044	[]
2096154	[]
525356	[]
1009622	[]
1560144	[]
1439700	[]
2295756	[]
1001129	[]
493082	[]
941794	[]
556780	[]
1927580	[]
1491667	[]
2351599	[]
546941	[]
980300	[]
1188860	[]
707166	[]
257622	[]
1167572	[]
2100210	[]
681280	[]
411705	[]
846887	[]
780936	[]
745867	[]
1472421	[]
2296924	[]
1685273	[]
279376	[]
824480	[]
1222878	[]
2535515	[]
2154863	[]
1811857	[]
2604455	[]
1478381	[]
281851	[]
1231910	[]
27200	[]
892018	[]
1881833	[]
1466320	[]
1103813	[]
2347320	[]
1733668	[]
950078	[]
922307	[]
1931243	[]
1610450	[]
695379	[]
2606381	[]
1233670	[]
786719	[]
2215923	[]
2212531	[]
2238631	[]
1075200	[]
548288	[]
257294	[]
1275088	[]
2241623	[]
758087	[]
1623050	[]
2466549	[]
1365489	[]
1676820	[]
730725	[]
2164355	[]
1945809	[]
1663216	[]
33916	[]
2196868	[]
862759	[]
1076258	[]
1562558	[]
175592	[]
2029131	[]
1488844	[]
696539	[]
30878	[]
1302277	[]
2360952	[]
1022126	[]
76196	[]
908205	[]
2574153	[]
1089368	[]
747395	[]
2623784	[]
1497839	[]
2344483	[]
2084638	[]
776067	[]
1686685	[]
1986005	[]
454077	[]
1655200	[]
1164917	[]
1199469	[]
2012897	[]
2196015	[]
705304	[]
1147723	[]
259713	[]
2296996	[]
1163057	[]
1201676	[]
1519073	[]
440220	[]
2079541	[]
1482544	[]
599993	[]
1468812	[]
1744889	[]
1174530	[]
542786	[29:4.0]
1782796	[]
1294425	[]
932081	[]
1765193	[]
780936	[]
550836	[]
1267643	[]
2240318	[]
63170	[]
2370740	[]
1005101	[38:3.4980912]
436529	[]
838130	[]
524654	[]
560142	[]
944189	[]
1287399	[]
14690	[]
610827	[]
2059054	[]
1931241	[]
2583426	[]
1447420	[]
860599	[]
1935969	[]
1419631	[]
1519729	[]
803945	[]
2161899	[]
1260345	[]
1192830	[]
1196093	[]
2064291	[]
2637831	[]
1770196	[]
2312349	[]
1712923	[]
1611112	[]
2551641	[]
119287	[]
2452166	[]
554875	[]
2480084	[]
1794216	[]
1276913	[]
400164	[]
2236005	[]
1174530	[]
1319997	[]
1008399	[]
530441	[]
175214	[]
761718	[]
1179646	[]
1091137	[]
2431832	[]
1907667	[]
2242037	[]
1519388	[]
2241806	[]
1645486	[]
1507459	[]
130189	[]
838130	[]
327122	[]
767816	[]
661114	[]
2209044	[]
1755092	[]
1567095	[]
1561059	[]
429882	[]
808888	[]
1494552	[]
922231	[]
818766	[]
2534672	[]
603277	[]
1501288	[]
2535052	[]
76196	[]
1230594	[]
2384779	[]
2375761	[]
1348118	[]
1685449	[]
431609	[]
272772	[]
955917	[]
1589677	[]
1358962	[86:1.0]
1001129	[]
1242367	[]
578168	[]
1768779	[]
826999	[]
1130075	[]
1110807	[]
2439493	[37:3.8505542]
491876	[]
2040859	[]
54136	[]
2295268	[]
446445	[]
497579	[]
420273	[]
2034459	[]
590607	[]
1483749	[]
432620	[]
1316762	[]
1327359	[]
1500112	[]
2625843	[]
163913	[]
2311464	[]
2386664	[]
305895	[]
2015501	[]
2215423	[]
674255	[]
2125944	[]
2392576	[]
430774	[]
1664010	[]
2399153	[]
669541	[]
1694819	[]
2407546	[]
1341000	[]
2322222	[]
862759	[]
1166950	[]
669077	[]
970936	[]
2162641	[]
303948	[24:3.4641016]
1181550	[]
1683079	[]
1082752	[]
2256054	[]
174683	[]
2105661	[]
827322	[]
370346	[]
1572201	[]
156078	[]
1559022	[]
660495	[]
2615605	[]
925448	[]
1407746	[]
727242	[]
1487081	[]
1167572	[]
1110571	[]
2294328	[]
1562015	[]
2558337	[]
87185	[]
923606	[]
1591199	[]
1811603	[]
1689425	[]
1198849	[]
1365370	[]
2439493	[37:3.8505542]
1573980	[]
71795	[]
1866729	[]
772738	[]
1729469	[]
439870	[]
1656839	[]
1895682	[]
2344006	[]
1170033	[]
2209675	[]
326587	[]
577553	[]
2418634	[]
754267	[]
1206421	[]
1737616	[]
1507905	[]
2068869	[]
1769834	[]
2554745	[]
332045	[]
1000965	[]
138594	[]
2389769	[]
785433	[]
503235	[]
1762191	[]
1259776	[]
1434502	[]
1537571	[]
629383	[]
72570	[]
1562670	[]
892166	[]
2440934	[]
507499	[]
534043	[]
1186487	[]
187322	[]
1819462	[]
2439493	[37:3.8505542]
920006	[]
447282	[]
1202646	[]
1391022	[]
1037622	[]
1808155	[]
2579706	[]
1348985	[]
742595	[]
512995	[]
1064067	[]
2076802	[]
2517152	[]
2625420	[65:1.0]
2312349	[]
322178	[]
2270650	[]
774868	[]
1602333	[]
85856	[]
693440	[]
2567417	[]
315229	[]
2030567	[]
918377	[]
1396542	[]
52251	[]
1022276	[]
1911180	[]
1048894	[]
984786	[]
2619279	[]
2303969	[]
2170930	[]
1475603	[]
322388	[]
1219013	[]
749230	[]
2512914	[]
2230823	[]
2081364	[]
1860915	[]
839594	[]
2439493	[37:3.8505542]
1216763	[]
1545711	[]
1845773	[]
467503	[]
387457	[]
391325	[]
357354	[]
420526	[]
1563935	[]
2350743	[]
1792064	[]
1112436	[]
1321784	[]
2557615	[]
1120091	[]
1093275	[]
1977959	[]
2443756	[]
369848	[]
940556	[]
1146715	[]
431732	[]
1236924	[]
2488386	[]
2146325	[]
2409698	[38:4.0364723]
1785621	[]
2118254	[]
2047045	[]
1939195	[]
814194	[]
1309838	[]
2025577	[]
1559022	[]
2350518	[]
1363315	[]
1660191	[]
1195095	[]
339362	[]
908644	[]
2317868	[]
572122	[]
466778	[]
886452	[]
376114	[]
802375	[]
97827	[]
793183	[]
2220239	[]
2237185	[]
564972	[]
1139570	[]
1842197	[]
2439493	[37:3.8505542]
447282	[]
586636	[]
209794	[]
1945341	[]
622194	[]
273084	[]
2600899	[]
1981733	[]
1340653	[]
2242958	[]
489962	[]
167540	[]
26648	[]
709342	[]
1998829	[]
1227322	[]
1801185	[]
2387403	[]
861482	[]
2534218	[]
1553591	[]
1513215	[]
253094	[]
2069750	[]
263906	[]
987647	[]
2191732	[]
942782	[]
386474	[]
1785838	[]
238468	[]
204616	[]
113090	[]
352890	[]
2634707	[]
2523318	[]
171839	[]
1542793	[]
2439493	[37:3.8505542]
1563935	[]
1319012	[]
1340936	[]
525679	[]
121324	[]
1225150	[]
1207684	[]
1013116	[]
2468305	[]
2553812	[]
829326	[]
2433426	[]
395100	[]
160977	[]
1089917	[]
1126767	[]
699878	[]
568620	[]
754781	[]
2209931	[]
2568270	[]
2625420	[65:1.0]
1744006	[]
1694477	[]
859350	[]
755344	[]
10839	[]
1650301	[]
2312349	[]
2026560	[]
2637831	[]
1711125	[]
1939674	[]
2004175	[]
1328354	[]
2275792	[]
1030986	[]
2324066	[]
360830	[]
1079731	[]
769887	[]
222153	[]
366193	[]
312110	[]
1611849	[]
387693	[]
2502251	[]
1771516	[]
163830	[]
2415876	[]
1392206	[]
1277391	[]
2552504	[]
533405	[]
1743136	[]
2059652	[]
1567328	[]
132390	[]
613501	[]
1116838	[]
2445646	[]
848760	[]
2236005	[]
1395430	[]
2024848	[]
1944014	[]
1174530	[]
991931	[]
542786	[29:4.0]
2071871	[]
39956	[]
2502462	[]
2460944	[]
1294425	[]
2007993	[]
519545	[]
2370924	[]
1765381	[]
2263006	[]
649770	[]
1214416	[]
17382	[]
70976	[]
1439698	[]
2486685	[]
2311810	[]
2158667	[]
767816	[]
2571254	[]
481668	[]
840543	[]
1213655	[]
2325737	[]
1181115	[]
447223	[]
2231930	[]
296171	[]
2348376	[]
2118521	[]
2391582	[]
1907667	[]
1279874	[]
1513370	[]
1987434	[]
2480084	[]
1227848	[18:4.5]
1567328	[]
1945809	[]
951709	[]
1794216	[]
1468812	[]
132390	[]
41412	[]
1109700	[]
2105852	[]
2400678	[]
982814	[]
175214	[]
2422606	[]
785314	[]
2515522	[]
779760	[]
1663216	[]
960770	[]
697038	[]
2236005	[]
1770762	[]
122601	[]
2588382	[]
684071	[]
679929	[]
612865	[]
2596225	[]
1519388	[]
759018	[]
139297	[]
1091137	[]
1276913	[]
1620761	[]
1032502	[]
2360117	[]
2628220	[]
1056998	[]
197443	[]
557167	[]
1392773	[]
1697479	[]
1990901	[]
2626356	[]
1402412	[]
765331	[]
1987434	[]
452013	[]
1661657	[]
2193455	[]
1468812	[]
132390	[]
41412	[]
2037339	[]
1778432	[]
2557878	[]
2400678	[]
2289614	[]
2586072	[]
160977	[]
659794	[]
1456155	[]
998229	[]
30878	[]
2472213	[]
1863853	[]
785314	[]
1632018	[]
577397	[]
1256263	[]
2105852	[]
63382	[]
2159332	[]
760380	[]
2615678	[]
1276913	[]
1239411	[]
1663216	[]
2367275	[]
84527	[]
2024848	[]
2129835	[]
2196868	[]
991725	[]
1744889	[]
166830	[]
68845	[]
408459	[]
1754989	[]
2043109	[]
1949297	[]
1209167	[]
945327	[]
425786	[]
1187171	[]
1001129	[]
592158	[]
1537571	[]
1323467	[]
2643933	[]
2372494	[]
2636891	[]
2054694	[]
1277216	[]
1986286	[]
1473980	[]
13561	[]
2588510	[]
586642	[]
1844205	[]
485461	[]
1876520	[]
69116	[]
2112383	[]
1830690	[]
1135847	[]
2552795	[]
2070267	[]
2083367	[]
311875	[]
2308200	[]
1664010	[]
598954	[]
2004105	[]
1213511	[]
811412	[]
88652	[]
2265269	[]
333536	[]
1424040	[]
2625420	[65:1.0]
1508073	[]
1371016	[]
1374336	[]
1254903	[]
1209119	[]
2181840	[]
2473764	[]
1543531	[]
1892937	[]
774018	[]
840901	[]
1651723	[]
77474	[]
923342	[]
2176303	[]
1964421	[]
593440	[]
1269699	[]
2439493	[37:3.8505542]
807718	[]
2219254	[]
457527	[]
1563935	[]
73858	[]
1646880	[]
1764042	[]
1720149	[]
2040859	[]
1531029	[]
1493430	[]
1157507	[]
539955	[]
1752478	[]
658961	[]
1070154	[]
99847	[]
1178479	[]
1070077	[]
32243	[]
897130	[]
1997580	[]
842185	[]
2552319	[]
593749	[]
1745265	[]
240705	[]
2642565	[]
2421361	[]
39526	[]
1148739	[]
2119007	[]
1784150	[]
314110	[]
751329	[]
2523436	[]
405788	[]
1613839	[]
1462959	[]
852374	[]
756987	[]
851410	[]
2051379	[]
636262	[]
1705330	[]
2439493	[37:3.8505542]
2276118	[]
860246	[]
479924	[]
766840	[]
449269	[]
2124994	[]
2403451	[]
266900	[]
1452127	[]
1558516	[]
1906043	[]
828444	[]
592122	[]
2403154	[]
2071711	[]
1531029	[]
833176	[]
2191621	[]
1976232	[]
1743759	[]
1905989	[]
2457095	[]
1392168	[]
132540	[]
546578	[]
2028934	[]
310856	[]
1650301	[]
1520914	[]
2626947	[]
775886	[]
1249387	[]
1400206	[]
1199825	[]
2640818	[]
277135	[]
1264935	[]
2381374	[]
1491667	[]
1324402	[]
219903	[]
354216	[]
1473666	[]
2225711	[]
1525524	[]
835310	[]
235789	[]
1371422	[]
888317	[]
752516	[]
1918957	[]
1823176	[]
2512833	[]
357916	[]
662839	[]
141936	[]
49949	[]
2469477	[]
504211	[]
1166912	[]
2335248	[]
1912002	[]
2439493	[37:3.8505542]
2408413	[]
366677	[]
1134379	[]
1506735	[]
66179	[]
1227252	[]
1402412	[]
1712147	[]
899232	[]
1395430	[]
1182086	[]
2330282	[]
727449	[46:4.0,18:3.5578308]
306466	[]
1283048	[]
1995985	[]
1076258	[]
616720	[]
1765381	[]
12379	[]
659836	[]
923325	[]
1828719	[]
2309436	[]
357521	[]
480412	[]
1492345	[]
1409776	[]
2581970	[]
629469	[]
1768932	[]
771345	[]
2387130	[]
573364	[]
187961	[]
1561068	[]
341804	[]
617861	[]
784028	[]
1961542	[]
1644204	[]
1684516	[]
1954769	[]
2568270	[]
1315483	[]
215739	[]
1502634	[]
1332711	[]
1174811	[]
183702	[]
1657077	[]
2173336	[]
2473170	[]
900816	[]
1990901	[]
662337	[]
1402412	[]
1601783	[]
2640108	[]
306466	[]
1142821	[]
1024794	[]
254711	[]
1331154	[46:3.0,77:3.0]
1476213	[]
2201376	[]
740327	[]
1987434	[]
1380819	[]
946164	[]
388088	[]
1116671	[]
120539	[]
66568	[]
1468812	[]
132390	[]
1163218	[]
886716	[77:2.5584815]
1281187	[]
1212306	[]
308495	[]
393953	[]
2289614	[]
2514857	[]
1052739	[]
1285726	[]
659794	[]
2422606	[]
325167	[]
2153518	[]
998229	[]
30878	[]
790689	[]
2451053	[]
1515501	[]
181323	[]
699878	[]
2519847	[]
23244	[]
1347749	[]
704862	[]
2294108	[]
1529397	[]
1788112	[]
2104526	[]
402377	[]
2463507	[]
887694	[]
1823259	[]
2003554	[]
61472	[]
525356	[]
2443370	[]
1048793	[]
63471	[]
469461	[]
840901	[]
1020871	[]
2152838	[]
727242	[]
1369550	[]
836489	[]
1597577	[]
2170930	[]
905074	[]
2416377	[]
217082	[]
254887	[]
2439493	[37:3.8505542]
2068594	[]
1561649	[]
33694	[]
2531820	[]
1440301	[]
1046918	[]
2206690	[]
1741962	[]
1518328	[]
1776969	[]
1658961	[]
1147641	[]
41412	[]
1033971	[]
724592	[]
126998	[]
2625420	[65:1.0]
353906	[]
640322	[]
1208081	[]
818736	[]
12451	[]
1328354	[]
47411	[]
978567	[]
1013930	[86:2.171573]
499718	[]
1335063	[]
1078112	[]
1692007	[]
786312	[]
267352	[]
1189269	[]
424958	[]
1787989	[]
1559165	[]
1782465	[]
1784150	[]
1628934	[]
1878144	[]
2085613	[]
2647004	[]
1720643	[]
1001129	[]
1358962	[86:1.0]
1927580	[]
2585043	[]
263906	[]
377808	[]
402535	[]
672450	[]
1539730	[]
1772667	[]
2225392	[]
2170930	[]
1314869	[]
1962323	[]
1744889	[]
543981	[]
2360117	[]
1907667	[]
247794	[]
461110	[]
705603	[]
409415	[]
489613	[]
305197	[]
295983	[]
440723	[]
567279	[]
896780	[]
2127722	[]
1606064	[]
2088663	[]
2343417	[]
2080855	[]
931005	[]
1216387	[]
1213587	[]
2551641	[]
403531	[]
2459774	[]
1821073	[39:3.0]
1810235	[]
1735827	[]
1977959	[]
298900	[]
2541863	[]
47411	[]
2645579	[]
2063030	[]
1998055	[]
1691201	[]
396576	[]
1532735	[]
922922	[]
2217731	[]
200255	[]
1105843	[]
530995	[]
2608552	[]
1518964	[]
712664	[]
2336678	[]
2422606	[]
1241149	[]
672200	[]
2360117	[]
263315	[]
1922825	[]
2163521	[]
2455124	[]
261048	[]
308495	[]
1356914	[]
2122996	[]
608309	[]
515605	[]
2409405	[]
557167	[]
1995985	[]
1967828	[]
1768432	[]
2515522	[]
84691	[]
617782	[]
728311	[]
2503129	[]
1130795	[]
135718	[]
1512842	[]
172622	[]
617814	[]
203345	[]
1694062	[]
293901	[]
2630970	[]
1902787	[]
838130	[]
1564363	[]
2064942	[]
1722559	[]
1869654	[]
2325737	[]
1404971	[]
117409	[]
227944	[]
2187374	[]
2503129	[]
263315	[]
728311	[]
838369	[]
2261008	[]
1922825	[]
608309	[]
1691737	[]
2336678	[]
679929	[]
1068777	[]
1772361	[]
1646939	[]
673076	[]
1907667	[]
1351377	[]
1863587	[]
193223	[]
1966514	[]
1370157	[]
1910881	[]
97315	[]
2581970	[]
1488844	[]
1456155	[]
671065	[]
1857486	[]
691772	[]
2295232	[]
764281	[]
672200	[]
180849	[]
492722	[]
2248449	[]
1176140	[]
1194006	[]
2406318	[]
2603559	[]
86062	[]
780936	[]
166595	[]
172622	[]
2338545	[]
1302772	[]
1734805	[]
712664	[]
69867	[28:4.5262847]
1601783	[]
719234	[]
306466	[]
1481271	[46:4.4941854]
1024794	[]
765331	[]
2480084	[]
1567328	[]
1945809	[]
1116671	[]
66568	[]
1794216	[]
1468812	[]
132390	[]
1212306	[]
1778432	[]
2422606	[]
921064	[]
2615678	[]
1276913	[]
1172232	[46:4.0,18:3.4308481,83:3.4308481]
1488957	[46:4.4941854]
697038	[]
2196868	[]
753886	[18:3.6135192]
1744889	[]
846887	[]
2573892	[]
2437905	[]
394693	[]
1174530	[]
1818178	[]
339448	[]
1319997	[]
215797	[]
848443	[46:3.5160263,30:3.4839737]
1179501	[]
2630287	[]
1042853	[]
727449	[46:4.0,18:3.5578308]
39956	[]
2360117	[]
1712147	[]
14690	[]
2415594	[]
603277	[]
1065039	[]
2343417	[]
779432	[]
1650301	[]
1712923	[]
771321	[]
896407	[]
419746	[]
1620735	[]
1127488	[]
1265877	[]
641565	[]
2509293	[]
1713873	[]
1411726	[]
847322	[]
2455019	[]
1224299	[]
933168	[]
2192080	[]
1896369	[]
18956	[]
2355791	[]
2602249	[]
436707	[]
916412	[]
565700	[]
483077	[]
1731174	[]
152178	[]
2553247	[]
937245	[]
484675	[]
66109	[]
1650068	[]
1416836	[]
2086693	[]
1938727	[]
2638586	[]
2209835	[]
1923772	[]
1294425	[]
1281187	[]
2367275	[]
2024848	[]
221033	[]
1456155	[]
242544	[]
39956	[]
1443246	[]
1626389	[]
1068777	[]
2525823	[]
1394510	[]
649770	[]
326587	[]
208356	[]
341908	[]
441290	[]
497196	[]
2158667	[]
2060891	[]
1033971	[]
622194	[]
1759074	[]
1436640	[]
1199658	[]
2161899	[]
628958	[]
2418200	[]
945783	[]
1419398	[]
60521	[]
2488939	[]
2293919	[]
264160	[]
908205	[]
1248029	[]
1219824	[]
2340465	[]
915001	[]
591273	[]
888934	[]
2625420	[65:1.0]
189608	[]
2343417	[]
306466	[]
2480084	[]
449288	[]
1567328	[]
1945809	[]
1116671	[]
869719	[]
276813	[44:3.0]
1794216	[]
1468812	[]
1822148	[]
41412	[]
2400678	[]
1697399	[]
613501	[]
1135197	[]
2422606	[]
998229	[]
2445646	[]
1331887	[]
399890	[]
243963	[]
844736	[]
1276913	[]
1395430	[]
1663216	[]
697038	[]
2196868	[]
991725	[]
2314362	[]
121910	[]
2241806	[]
488477	[]
644827	[]
2433695	[]
1620761	[]
922616	[]
1626628	[]
69867	[28:4.5262847]
765331	[]
951709	[]
2641857	[]
1209160	[]
1832699	[]
1607938	[]
950515	[]
2503691	[]
263315	[]
1419837	[]
172622	[]
2551418	[]
217004	[]
79017	[]
1502043	[]
1310455	[]
624334	[]
272881	[]
415676	[]
1669707	[]
1910699	[]
1649517	[]
1298157	[]
216190	[]
939340	[]
210487	[]
441987	[]
1412708	[]
1037313	[]
826409	[]
1189322	[]
561578	[]
916348	[]
1227322	[]
686752	[]
2228478	[]
2122104	[]
2137240	[]
1746351	[]
344540	[]
1039248	[]
2616386	[]
400217	[]
424121	[]
571538	[]
254710	[]
1391997	[]
1382937	[]
540459	[]
1135143	[]
901927	[]
2240318	[]
2625420	[65:1.0]
711595	[]
774868	[]
303948	[24:3.4641016]
2388344	[]
1740732	[]
1594606	[]
1762088	[]
18103	[]
1273105	[]
469461	[]
1106380	[]
2266166	[]
1048894	[]
1134816	[]
1217301	[]
2303969	[]
2550838	[]
518770	[]
24373	[]
525007	[]
507499	[]
1467809	[]
2439493	[37:3.8505542]
824793	[]
1676991	[]
1563935	[]
678022	[]
1192459	[]
2633254	[]
322451	[]
818752	[]
2462042	[]
192519	[]
1828803	[]
184178	[]
110049	[]
2222864	[]
78867	[]
767958	[]
1644531	[]
2055966	[]
736125	[]
2617405	[]
899232	[]
316716	[]
1573271	[]
982710	[]
1405978	[]
1430466	[]
330379	[]
1947922	[]
2256054	[]
2377770	[]
2375091	[]
142406	[]
2494367	[]
424883	[]
2120046	[]
356801	[]
1363515	[]
1775841	[]
1572555	[]
1154225	[]
2308991	[]
759290	[]
2114931	[]
1086061	[]
1534723	[]
683881	[]
1915462	[]
39024	[]
792534	[]
1199337	[]
445227	[]
1509576	[]
309713	[]
2514357	[]
1853299	[]
1048749	[]
236160	[]
1855996	[]
507603	[]
42791	[]
1240145	[]
463055	[]
381588	[]
815327	[]
719023	[]
2129835	[]
447223	[]
592010	[]
1404971	[]
2296924	[]
2625420	[65:1.0]
2454576	[]
12451	[]
47411	[]
2179629	[]
761609	[]
1204853	[]
693720	[]
2604824	[]
1981837	[]
1969230	[]
1396068	[]
872921	[]
1765321	[]
1624875	[]
2457749	[]
326615	[]
2188731	[]
779336	[]
387341	[]
401422	[]
1527527	[]
554557	[]
2439493	[37:3.8505542]
314044	[]
1981291	[]
2294895	[]
540379	[]
2496985	[]
871329	[]
594014	[]
2091736	[]
640743	[]
33899	[]
1760049	[]
2038707	[]
620310	[]
2263751	[]
1411236	[]
1708403	[]
1997470	[]
1608985	[]
2571254	[]
184311	[]
2088663	[]
317060	[]
19132	[]
2439795	[]
2434480	[]
1830096	[]
262411	[]
670658	[]
119496	[]
303948	[24:3.4641016]
1694860	[]
39526	[]
1126624	[]
1114339	[]
1181550	[]
99889	[]
1064007	[]
1916402	[]
738657	[]
2539639	[]
2307923	[]
530026	[]
2390783	[]
2404146	[]
958758	[]
1787989	[]
1596147	[]
1022903	[]
472061	[]
680132	[]
155342	[]
197920	[]
1168738	[]
2573207	[]
1001129	[]
166053	[]
1911274	[]
1690251	[]
2247402	[]
322874	[]
829724	[]
887273	[]
1294425	[]
693789	[]
1938950	[]
193052	[]
2052745	[]
65147	[]
179398	[]
2576696	[]
2568401	[]
1984086	[]
1090465	[]
1205526	[]
322178	[]
45333	[]
1686423	[]
2484906	[]
1224299	[]
236351	[]
1995838	[]
2361406	[]
1962405	[]
2201036	[]
1142214	[]
301697	[]
2240248	[]
666648	[]
228207	[]
1943107	[]
692694	[]
43751	[]
2105661	[]
1105390	[]
2015165	[]
2266083	[]
11393	[]
2589565	[]
401047	[]
257315	[]
1616522	[]
1416836	[]
1066570	[]
757142	[]
432125	[]
2001187	[]
903692	[]
1483986	[]
1992227	[]
1614320	[]
2479359	[]
388669	[]
989704	[]
1616285	[]
2609870	[]
47226	[]
1811019	[]
1555902	[]
2535052	[]
657006	[]
1947963	[]
2367508	[]
441153	[]
2155186	[]
2026560	[]
1923441	[]
1206421	[]
1626546	[]
2257979	[]
268148	[]
785017	[]
269808	[]
788994	[]
862234	[]
2422592	[]
825966	[]
224358	[]
158001	[]
413603	[]
2200645	[]
1380167	[]
303948	[24:3.4641016]
1362065	[]
734508	[]
29113	[]
338687	[]
2000047	[]
2160223	[]
1233010	[]
1030669	[]
848091	[]
640910	[]
853261	[]
693789	[]
1905780	[]
1022388	[]
247794	[]
2179335	[]
2551764	[]
2625420	[65:1.0]
908205	[]
932596	[]
1712923	[]
2536720	[]
444983	[]
76641	[]
327179	[]
268049	[]
1520226	[]
1771587	[]
895893	[]
303948	[24:3.4641016]
558634	[]
2298764	[]
2600558	[]
1616406	[]
2088489	[]
141745	[]
2320969	[]
125296	[]
565860	[]
245808	[]
2132276	[]
2050389	[]
86365	[]
1673185	[19:4.0]
1273429	[]
264856	[]
279960	[]
1027819	[]
1187949	[]
2587367	[]
929308	[]
1313694	[]
1262791	[]
2133136	[]
205706	[]
712664	[]
1990901	[]
1500738	[]
306466	[]
477388	[]
1365892	[]
765331	[]
1945809	[]
1109700	[]
2445646	[]
1331887	[]
2543544	[]
1172232	[46:4.0,18:3.4308481,83:3.4308481]
117277	[]
779760	[]
2211758	[]
1081270	[]
146851	[]
644827	[]
412196	[]
238407	[]
716091	[]
1273567	[]
1046323	[]
876388	[]
1213299	[]
1907667	[]
454849	[]
2380973	[]
14690	[]
1543292	[]
1696725	[]
2370740	[]
247794	[]
1831407	[]
341804	[]
32785	[]
966375	[]
2124477	[]
656418	[]
1672960	[]
989704	[]
2514465	[]
1242757	[]
716091	[]
2059652	[]
554875	[]
2366565	[]
306466	[]
1966165	[]
2187278	[]
765331	[]
2480084	[]
1945809	[]
1116671	[]
276813	[44:3.0]
1815364	[]
1794216	[]
1109700	[]
1488844	[]
1208186	[]
1712147	[]
56069	[3:2.6076953]
1331887	[]
577397	[]
504233	[]
1667981	[]
369430	[]
844736	[]
42362	[]
2569320	[]
779760	[]
2314362	[]
1635484	[]
273292	[]
656399	[]
1503415	[]
1174530	[]
1864095	[]
2385934	[]
636892	[]
1778851	[]
1761162	[]
848443	[46:3.5160263,30:3.4839737]
542786	[29:4.0]
829326	[]
616720	[]
2541216	[]
66358	[]
1065039	[]
1544320	[]
410199	[]
732556	[]
1201419	[]
668811	[]
303948	[24:3.4641016]
2418760	[]
848193	[]
950078	[]
1519860	[]
1695221	[]
757837	[]
863898	[]
1893150	[]
1465754	[]
1130594	[]
2359084	[]
592684	[]
2439493	[37:3.8505542]
156319	[]
1664020	[]
327721	[]
1962074	[]
1278643	[]
240779	[]
578237	[]
1584876	[]
1773727	[]
2468305	[]
2111656	[]
721992	[]
1396036	[50:3.0]
2144266	[]
929092	[]
1840165	[]
2415196	[]
1419978	[]
1839246	[]
1807693	[]
2404644	[]
2434289	[]
679555	[]
1768736	[]
1207913	[]
1697479	[]
2321468	[]
160876	[]
2477414	[]
589967	[]
2084362	[]
1688444	[]
264160	[]
973736	[]
1213587	[]
957447	[]
1023086	[]
17063	[]
1310327	[]
2071795	[]
1526028	[]
130439	[]
659037	[]
161395	[]
112320	[]
81608	[]
937274	[]
1712750	[]
809943	[]
1976523	[]
2624371	[]
1148739	[]
1232166	[]
1545466	[]
2491620	[]
1920472	[]
691997	[]
906901	[]
215393	[]
482328	[]
601098	[]
1122571	[]
545781	[]
2119007	[]
2004644	[]
1564058	[]
970115	[]
847167	[]
314110	[]
1784150	[]
712664	[]
928743	[]
1331887	[]
166830	[]
339448	[]
530441	[]
1809002	[]
1850405	[]
2338545	[]
2349833	[]
1543292	[]
823925	[]
771275	[]
2296924	[]
76196	[]
1564092	[]
1648646	[]
218097	[]
2143489	[]
1650301	[]
1329182	[64:2.1010206]
987345	[]
2610157	[]
515712	[]
543865	[]
652356	[]
279482	[]
1984086	[]
29395	[]
1059927	[]
644476	[]
1830096	[]
1910203	[]
214174	[]
1832262	[]
2541025	[]
248039	[]
373119	[]
2230067	[]
612544	[]
1058639	[]
872028	[]
2186942	[]
198814	[]
1933644	[]
635363	[]
950827	[]
834184	[]
1297458	[]
1409485	[]
1445871	[]
1471457	[]
442234	[]
1987706	[]
1972563	[]
1608683	[]
565700	[]
279120	[]
1680135	[]
2434666	[]
1356015	[]
49585	[]
1709921	[]
1272379	[]
1529500	[]
975199	[]
2614862	[]
272699	[]
328223	[]
830662	[]
280327	[]
2359084	[]
397407	[]
2439493	[37:3.8505542]
65197	[]
472452	[]
368070	[]
922459	[]
710565	[]
2458526	[]
1799734	[]
1193515	[]
323182	[]
1395008	[]
202678	[]
1237493	[]
139991	[]
423204	[]
2220492	[]
596995	[]
2285616	[]
428170	[]
358544	[]
649969	[]
63286	[]
420350	[]
119986	[]
958563	[]
1358962	[86:1.0]
90498	[]
793564	[]
2169328	[]
2439493	[37:3.8505542]
2530263	[]
2589056	[]
2211318	[]
1631593	[]
1890865	[]
2375241	[]
2586626	[]
1817781	[]
433907	[]
1573228	[]
760733	[]
37432	[]
2401147	[]
1119695	[]
2179083	[]
1357823	[]
138153	[]
737081	[]
342895	[]
1051046	[]
795536	[]
732571	[]
680723	[]
946335	[]
2291306	[]
651160	[]
381563	[]
847444	[]
1588486	[]
1514430	[]
139445	[]
1370479	[]
1990901	[]
1987434	[]
1401310	[]
1369425	[]
223752	[]
785314	[]
1276913	[]
1739854	[]
93489	[]
390508	[]
1191521	[]
1744889	[]
1242432	[]
1163218	[]
66358	[]
193223	[]
1907667	[]
1678485	[]
326587	[]
149439	[]
497196	[]
1674828	[]
327122	[]
1540303	[]
524654	[]
481668	[]
661114	[]
754781	[]
67315	[]
2433239	[]
1427	[]
574843	[]
1148713	[]
1893705	[]
881409	[]
2609870	[]
603277	[]
184311	[]
937603	[]
2029829	[]
2267507	[]
1574266	[]
1813349	[]
1935969	[]
2482518	[]
41412	[]
1735266	[]
1294425	[]
1651307	[]
1752360	[]
229944	[]
273084	[]
874115	[]
705603	[]
264160	[]
2625420	[65:1.0]
853484	[]
2179335	[]
1650301	[]
644835	[]
113677	[]
502355	[]
938911	[]
294993	[]
2322468	[]
1013930	[86:2.171573]
47411	[]
1843756	[]
2604908	[]
1711859	[24:3.4641016]
1676762	[]
2043200	[]
200255	[]
709342	[]
1728673	[]
42585	[]
303948	[24:3.4641016]
633894	[]
1155253	[]
806909	[]
444370	[]
736824	[]
2180261	[]
165698	[]
2595345	[]
1681133	[]
2578372	[]
95851	[]
929308	[]
2584584	[]
2059652	[]
1666394	[]
1759415	[]
1959936	[]
998862	[]
2625420	[65:1.0]
573975	[]
392722	[]
1401650	[]
988104	[]
977632	[]
2557870	[]
1793899	[]
1340535	[]
1888322	[]
1283598	[]
1784150	[]
2271251	[]
65932	[]
1828884	[]
1878728	[]
1922778	[]
1176404	[]
2265116	[]
1078701	[]
1832577	[]
748922	[]
1013802	[]
1131325	[]
2244378	[]
494639	[]
636262	[]
1903158	[]
220427	[]
2439493	[37:3.8505542]
2225116	[]
1445632	[]
2592823	[]
1288603	[]
2556926	[]
1190070	[]
1312846	[]
2226229	[]
1563935	[]
69809	[]
951709	[]
585247	[]
2625420	[65:1.0]
2322468	[]
2056324	[]
1969230	[]
90021	[]
2082629	[]
1876156	[]
1359575	[]
1146420	[]
2439493	[37:3.8505542]
1387662	[]
2419914	[]
2496985	[]
1691161	[]
1596531	[]
1876520	[]
697116	[]
1550847	[]
767958	[]
1854399	[]
420528	[]
1596032	[]
1664010	[]
2327480	[]
1476270	[]
1698085	[]
687348	[]
507140	[]
1901461	[]
1283426	[]
519295	[]
1254945	[]
420332	[]
491531	[]
2119505	[]
1587132	[]
2503230	[]
1737549	[]
1738189	[]
870526	[]
798296	[]
1029108	[]
2610950	[]
1329923	[]
2472537	[]
403531	[]
635607	[]
1520914	[]
1808930	[]
525356	[]
570414	[]
1001129	[]
1441263	[]
257294	[]
235789	[]
2098474	[]
851702	[]
1448475	[]
1496080	[]
2437650	[]
1314869	[]
2237185	[]
1166912	[]
836997	[]
1034714	[]
2606391	[]
1793159	[]
2345098	[]
2576843	[]
1436357	[]
2618515	[]
2133551	[]
2330985	[]
1815588	[]
110177	[]
85747	[]
1566860	[]
760481	[]
2445481	[]
1015048	[]
797951	[]
1495111	[]
1628830	[]
603349	[]
1664010	[]
263823	[]
733491	[]
1817470	[]
