1734805,44,5
716091,44,3
1990901,44,4
1331154,44,3
1116671,44,3
2400678,44,3
998229,44,4
1693641,44,4
1331887,44,3
2615678,44,4
1463145,44,4
1744889,44,1
2314362,44,4
1644750,44,3
183907,44,3
305151,43,4
497196,43,3
2327803,43,1
2625420,43,2
1181550,43,5
1768010,43,2
1295097,43,1
525356,43,3
989989,43,5
1471876,43,2
214144,43,4
1603826,43,3
1996226,43,2
704642,43,2
1314869,43,4
140274,13,5
2171849,13,5
776067,13,4
1312746,13,3
2183726,13,3
1484808,13,5
567159,13,5
1079206,13,5
1848557,13,4
1168738,13,5
1835276,13,5
1195319,13,5
1801389,13,5
1316174,13,4
144543,13,4
1527030,47,3
1990901,47,4
2439005,47,4
1331887,47,3
1744889,47,4
304789,47,3
779760,47,4
1294425,47,1
2007993,47,4
1242432,47,5
1109700,47,4
1296163,47,3
716091,47,4
823613,47,4
1056998,47,4
2173336,30,5
2473170,30,5
900816,30,3
1990901,30,4
662337,30,4
1402412,30,4
1601783,30,3
2640108,30,3
306466,30,3
1142821,30,5
1024794,30,4
254711,30,1
1331154,30,4
1476213,30,3
2201376,30,2
2625420,20,2
1508073,20,3
1371016,20,3
1374336,20,4
1254903,20,3
1209119,20,3
2181840,20,4
2473764,20,4
1543531,20,4
1892937,20,5
774018,20,4
840901,20,1
1651723,20,3
77474,20,4
923342,20,4
1170033,22,1
2209675,22,2
326587,22,3
577553,22,2
2418634,22,4
754267,22,1
1206421,22,1
1737616,22,1
1507905,22,4
2068869,22,1
1769834,22,2
2554745,22,1
332045,22,2
1000965,22,2
138594,22,2
1296163,21,4
1075579,21,3
973356,21,3
2551641,21,4
1977959,21,4
1009741,21,4
793754,21,3
871687,21,4
2449072,21,4
1152116,21,4
1077945,21,4
786312,21,3
2363160,21,5
2071629,21,3
106104,21,4
554875,16,2
2480084,16,3
1794216,16,3
1276913,16,5
400164,16,4
2236005,16,4
1174530,16,3
1319997,16,3
1008399,16,2
530441,16,5
175214,16,3
761718,16,3
1179646,16,1
1091137,16,3
2431832,16,4
2059652,48,5
1567328,48,3
132390,48,3
613501,48,4
1116838,48,5
2445646,48,3
848760,48,3
2236005,48,3
1395430,48,2
2024848,48,5
1944014,48,3
1174530,48,3
991931,48,5
542786,48,3
2071871,48,4
1392773,28,4
1697479,28,4
1990901,28,5
2626356,28,5
1402412,28,2
765331,28,3
1987434,28,4
452013,28,3
1661657,28,4
2193455,28,4
1468812,28,4
132390,28,4
41412,28,4
2037339,28,3
1778432,28,4
699878,10,2
2625420,10,2
1874659,10,5
2541025,10,3
1478381,10,3
2606540,10,4
308618,10,4
741740,10,4
2213289,10,3
1380479,10,5
174683,10,5
1716229,10,3
1332388,10,3
57515,10,3
616350,10,4
243437,15,5
862622,15,4
1513144,15,2
698624,15,3
1787269,15,5
1048253,15,3
1471457,15,3
2230092,15,2
1315056,15,4
107840,15,3
1624280,15,5
1765845,15,4
1673185,15,3
986633,15,5
672012,15,4
41412,50,3
247794,50,3
2039337,50,2
2625420,50,2
1303498,50,3
2642212,50,5
1650301,50,1
2589362,50,2
1919026,50,2
370531,50,4
1224299,50,3
903779,50,3
1673185,50,2
2602249,50,3
290215,50,3
903692,36,3
1483986,36,5
1992227,36,1
1614320,36,2
2479359,36,3
388669,36,2
989704,36,1
1616285,36,4
2609870,36,1
47226,36,3
1811019,36,3
1555902,36,2
2535052,36,3
657006,36,3
1947963,36,3
1468812,45,3
1744889,45,1
1174530,45,3
542786,45,2
1782796,45,3
1294425,45,4
932081,45,3
1765193,45,3
780936,45,5
550836,45,4
1267643,45,2
2240318,45,3
63170,45,3
2370740,45,4
1005101,45,3
712664,26,3
2336678,26,3
2422606,26,3
1241149,26,3
672200,26,2
2360117,26,3
263315,26,2
1922825,26,1
2163521,26,3
2455124,26,2
261048,26,2
308495,26,4
1356914,26,3
2122996,26,4
608309,26,2
2187374,17,4
2503129,17,5
263315,17,3
728311,17,5
838369,17,4
2261008,17,3
1922825,17,5
608309,17,3
1691737,17,4
2336678,17,2
679929,17,2
1068777,17,3
1772361,17,3
1646939,17,3
673076,17,5
1329182,41,2
62996,41,1
1181550,41,2
1496546,41,1
525356,41,2
1045221,41,1
544147,41,5
2573207,41,1
1001129,41,2
2168244,41,1
235789,41,2
1813076,41,2
294330,41,2
1314869,41,3
521985,41,2
1076258,14,3
1663216,14,2
549526,14,3
1850680,14,1
15294,14,5
2270546,14,4
300074,14,1
303948,14,3
1061692,14,4
1782553,14,3
1585893,14,4
1189269,14,5
317370,14,3
970976,14,3
1140547,14,4
862759,11,5
1166950,11,2
669077,11,3
970936,11,3
2162641,11,4
303948,11,3
1181550,11,3
1683079,11,2
1082752,11,3
2256054,11,3
174683,11,3
2105661,11,2
827322,11,2
370346,11,1
1572201,11,2
41412,37,3
1033971,37,5
724592,37,5
126998,37,3
2625420,37,2
353906,37,3
640322,37,5
1208081,37,5
818736,37,3
12451,37,4
1328354,37,1
47411,37,5
978567,37,5
1013930,37,4
499718,37,3
1712147,29,4
14690,29,4
2415594,29,5
603277,29,3
1065039,29,3
2343417,29,4
779432,29,4
1650301,29,2
1712923,29,4
771321,29,4
896407,29,4
419746,29,5
1620735,29,3
1127488,29,5
1265877,29,3
829326,25,5
2433426,25,5
395100,25,4
160977,25,4
1089917,25,5
1126767,25,4
699878,25,5
568620,25,4
754781,25,4
2209931,25,5
2568270,25,5
2625420,25,2
1744006,25,4
1694477,25,4
859350,25,3
306466,46,4
2480084,46,4
449288,46,2
1567328,46,3
1945809,46,3
1116671,46,3
869719,46,3
276813,46,3
1794216,46,3
1468812,46,5
1822148,46,3
41412,46,5
2400678,46,4
1697399,46,3
613501,46,3
1734805,18,4
205706,18,4
712664,18,4
1907667,18,4
69867,18,3
306466,18,4
1331154,18,3
765331,18,3
2407624,18,4
2095891,18,3
2289614,18,4
1618902,18,5
2445646,18,4
785314,18,1
1224344,18,2
1567328,27,4
2091010,27,4
2537219,27,4
2625420,27,2
955896,27,5
735894,27,4
985334,27,5
354278,27,4
1843617,27,3
2432108,27,5
931182,27,4
2084787,27,3
385639,27,3
115218,27,5
654043,27,3
1109700,12,4
1056998,12,5
903692,12,3
2380973,12,4
497196,12,3
74144,12,3
2075969,12,5
2535052,12,3
76196,12,1
2648502,12,5
424286,12,3
1951144,12,2
269983,12,2
1977959,12,2
1477730,12,3
950515,40,4
2503691,40,3
263315,40,3
1419837,40,2
172622,40,3
2551418,40,3
217004,40,4
79017,40,3
1502043,40,3
1310455,40,4
624334,40,3
272881,40,2
415676,40,2
1669707,40,4
1910699,40,3
887273,19,3
1294425,19,5
693789,19,4
1938950,19,2
193052,19,4
2052745,19,5
65147,19,4
179398,19,3
2576696,19,1
2568401,19,4
1984086,19,4
1090465,19,3
1205526,19,5
322178,19,1
45333,19,4
1744889,24,4
543981,24,3
2360117,24,3
1907667,24,3
247794,24,3
461110,24,3
705603,24,4
409415,24,3
489613,24,3
305197,24,3
295983,24,3
440723,24,3
567279,24,2
896780,24,3
2127722,24,1
1488844,1,3
822109,1,5
885013,1,4
30878,1,4
823519,1,3
893988,1,3
124105,1,4
1248029,1,3
1842128,1,4
2238063,1,3
1503895,1,4
2207774,1,5
2590061,1,3
2442,1,3
543865,1,4
951709,7,2
585247,7,1
2625420,7,2
2322468,7,3
2056324,7,2
1969230,7,4
90021,7,2
2082629,7,4
1876156,7,1
1359575,7,2
1146420,7,1
2439493,7,1
1387662,7,1
2419914,7,3
2496985,7,3
2059652,2,4
1666394,2,3
1759415,2,4
1959936,2,5
998862,2,4
2625420,2,2
573975,2,3
392722,2,4
1401650,2,4
988104,2,3
977632,2,4
2557870,2,4
1793899,2,5
1340535,2,5
1888322,2,5
2031561,6,1
1176140,6,1
2336133,6,2
1521836,6,1
117277,6,3
326587,6,3
1961542,6,3
1041552,6,3
1678346,6,3
643182,6,2
2182301,6,5
2502669,6,2
2211030,6,4
603277,6,3
214166,6,2
1329923,9,2
2472537,9,2
403531,9,5
635607,9,1
1520914,9,3
1808930,9,1
525356,9,1
570414,9,1
1001129,9,2
1441263,9,3
257294,9,1
235789,9,4
2098474,9,2
851702,9,3
1448475,9,2
1745265,5,5
885013,5,5
1997470,5,5
30878,5,1
840543,5,4
2477414,5,5
1409354,5,3
589967,5,4
264160,5,5
2084362,5,4
1881496,5,3
240705,5,5
1650301,5,2
1815614,5,1
1454357,5,4
824097,8,2
2630686,8,5
644003,8,3
785314,8,1
243963,8,3
229220,8,4
1447783,8,4
2580478,8,4
2599087,8,3
2352464,8,5
1912665,8,1
588844,8,5
816064,8,5
1744889,8,1
1216014,8,1
1065039,4,3
1544320,4,1
410199,4,5
732556,4,3
1201419,4,1
668811,4,1
303948,4,2
2418760,4,4
848193,4,4
950078,4,5
1519860,4,3
1695221,4,5
757837,4,3
863898,4,1
1893150,4,5
1025579,3,4
712664,3,5
1331154,3,4
2632461,3,3
44937,3,5
656399,3,4
439011,3,1
1436762,3,3
1644750,3,3
2031561,3,4
616720,3,4
2467008,3,4
975874,3,5
701730,3,2
1614320,3,4
1436762,42,3
1608985,42,2
2298339,42,2
931782,42,2
1986819,42,1
1888170,42,1
1761255,42,2
1985755,42,5
2443756,42,3
2268573,42,1
1553054,42,4
2604824,42,2
1338852,42,1
1559022,42,4
1001129,42,2
844736,38,5
2429465,38,1
1420990,38,2
2367490,38,3
1678346,38,3
1038795,38,2
2309150,38,1
2625420,38,4
1508073,38,5
2168171,38,2
1192830,38,2
1821073,38,2
606684,38,1
2459804,38,1
2579794,38,2
1732628,49,5
1053359,49,4
1657359,49,4
2609870,49,1
2640864,49,4
252468,49,4
2173816,49,3
688700,49,4
1819123,49,5
1147281,49,3
782444,49,1
1167579,49,5
1304402,49,3
2447529,49,5
1623353,49,3
1512138,23,5
989704,23,1
1129423,23,3
2625420,23,2
2343417,23,5
1000457,23,5
1206421,23,4
2030896,23,4
759345,23,4
449337,23,3
1736960,23,5
1497056,23,4
1740618,23,3
2073853,23,3
1641247,23,4
844736,39,3
273292,39,2
2387785,39,3
1323065,39,1
1485922,39,3
1005101,39,3
2309150,39,3
1873366,39,2
2041953,39,2
1678346,39,2
2378560,39,2
2168171,39,3
1508073,39,1
471569,39,3
2477173,39,3
